651
642
629
614
605
593
582
572
564
556
550
542
532
525
522
522
522
522
521
520
516
512
514
506
506
506
506
505
501
497
671
653
640
631
624
623
623
623
621
616
611
596
593
589
588
587
588
595
596
595
594
592
586
579
574
572
568
566
563
560
560
561
562
563
560
560
559
560
560
558
558
556
557
557
559
555
554
551
548
545
540
538
535
532
529
529
526
626
611
604
593
585
576
570
563
557
548
536
531
528
528
525
521
517
515
512
512
512
512
512
631
621
612
601
600
601
599
595
586
584
584
582
582
581
581
580
564
563
562
560
559
561
562
562
561
561
560
560
560
560
557
546
543
541
536
533
